arxiv                0.00299311      0.00539269        0.555031 
collab               0.00520373      0.00741484        0.701799 
citation             0.07893250      0.10601200        0.744562 
ddi                  0.00154931      0.00168588        0.918992 
protein              0.08043120      0.06521750        1.233276 
ppa                  0.08489930      0.08382310        1.012839 
reddit.dgl           0.20214700      0.16705500        1.210063 
products             0.25831400      0.27028700        0.955703 
youtube              0.01443540      0.03095510        0.466333 
amazon_cogdl         0.51616800      0.40750900        1.266642 
yelp                 0.02997670      0.03268640        0.917100 
wikikg2              0.01664950      0.05736240        0.290251 
am                   0.01338090      0.03220130        0.415539 