arxiv                0.00299087      0.00283130        1.056359 
collab               0.00520245      0.00473201        1.099417 
citation             0.07891610      0.07924970        0.995791 
ddi                  0.00155775      0.00183018        0.851146 
protein              0.08083950      0.07320320        1.104316 
ppa                  0.08490330      0.08040600        1.055932 
reddit.dgl           0.20231800      0.17901400        1.130180 
products             0.25838000      0.26312600        0.981963 
youtube              0.01442770      0.01541930        0.935691 
amazon_cogdl         0.51697900      0.41667500        1.240725 
yelp                 0.02997780      0.02698100        1.111071 
wikikg2              0.01664610      0.02723020        0.611310 
am                   0.01339700      0.01347370        0.994307