arxiv                0.00299143      0.00367239        0.814573 
collab               0.00520205      0.00488727        1.064408 
citation             0.07894430      0.08098910        0.974752 
ddi                  0.00154760      0.00169010        0.915685 
protein              0.08044010      0.06602330        1.218359 
ppa                  0.08490270      0.08214410        1.033582 
reddit.dgl           0.20211900      0.17314300        1.167353 
products             0.25832600      0.25966800        0.994832 
youtube              0.01443260      0.01582460        0.912036 
amazon_cogdl         0.51613700      0.41447400        1.245282 
yelp                 0.02997710      0.02731090        1.097624 
wikikg2              0.01664390      0.02870360        0.579854 
am                   0.01339430      0.02474970        0.541190