arxiv                0.00299366      0.00403896        0.741196 
collab               0.00520320      0.00463287        1.123105 
citation             0.07893530      0.07713540        1.023334 
ddi                  0.00155702      0.00170349        0.914018 
protein              0.08084460      0.06626010        1.220110 
ppa                  0.08490000      0.08249270        1.029182 
reddit.dgl           0.20231800      0.17357800        1.165574 
products             0.25830000      0.26040000        0.991935 
youtube              0.01443720      0.01615170        0.893850 
amazon_cogdl         0.51777200      0.41520600        1.247024 
yelp                 0.02997880      0.02735690        1.095841 
wikikg2              0.01664360      0.02508140        0.663583 
am                   0.01340330      0.02773200        0.483315