arxiv                0.00299567      0.00382881        0.782402 
collab               0.00520331      0.00466588        1.115183 
citation             0.07893080      0.08717830        0.905395 
ddi                  0.00154895      0.00171565        0.902836 
protein              0.08043510      0.09572450        0.840277 
ppa                  0.08490040      0.07619350        1.114274 
reddit.dgl           0.20210600      0.14711000        1.373843 
products             0.25832100      0.26210600        0.985559 
youtube              0.01443740      0.01923470        0.750591 
amazon_cogdl         0.51612300      0.36249100        1.423823 
yelp                 0.02997690      0.02706160        1.107728 
wikikg2              0.01664940      0.02867360        0.580653 
am                   0.01339310      0.02929740        0.457143 