arxiv                0.00299010      0.00537446        0.556354 
collab               0.00520251      0.00845455        0.615350 
citation             0.07895020      0.11872300        0.664995 
ddi                  0.00154897      0.00169755        0.912474 
protein              0.08041940      0.07937010        1.013220 
ppa                  0.08488720      0.07761340        1.093718 
reddit.dgl           0.20210200      0.14298800        1.413419 
products             0.25834800      0.27293400        0.946559 
youtube              0.01440650      0.03731860        0.386041 
amazon_cogdl         0.51547100      0.37199200        1.385705 
yelp                 0.02997330      0.03524720        0.850374 
wikikg2              0.01666590      0.05845040        0.285129 
am                   0.01338510      0.04438070        0.301597 