arxiv                0.00299113      0.00732174        0.408527 
collab               0.00520402      0.00459439        1.132690 
citation             0.07894060      0.06985540        1.130057 
ddi                  0.00154876      0.00167697        0.923547 
protein              0.08042800      0.08168870        0.984567 
ppa                  0.08490000      0.08264720        1.027258 
reddit.dgl           0.20213300      0.19865700        1.017497 
products             0.25831000      0.24751100        1.043630 
youtube              0.01443830      0.02191910        0.658709 
amazon_cogdl         0.51618200      0.47232500        1.092853 
yelp                 0.02997580      0.02896320        1.034962 
wikikg2              0.01663460      0.01393740        1.193522 
am                   0.01339380      0.07194280        0.186173 