arxiv                0.00077040      0.00132146        0.582992 
collab               0.00130389      0.00063268        2.060913 
citation             0.01646060      0.00934502        1.761430 
ddi                  0.00064108      0.00028741        2.230553 
protein              0.02460400      0.00834169        2.949522 
ppa                  0.01839690      0.01024640        1.795450 
reddit.dgl           0.04819620      0.02163870        2.227315 
products             0.05591720      0.03199990        1.747418 
youtube              0.00364247      0.00328340        1.109359 
amazon_cogdl         0.12391300      0.05406810        2.291795 
yelp                 0.00658220      0.00356337        1.847184 
wikikg2              0.00714632      0.00362644        1.970616 
am                   0.00373929      0.01453820        0.257204