arxiv                0.00077170      0.00037842        2.039244 
collab               0.00133256      0.00059924        2.223743 
citation             0.01646020      0.00901821        1.825218 
ddi                  0.00064021      0.00023626        2.709746 
protein              0.02458350      0.00819141        3.001132 
ppa                  0.01839110      0.00986355        1.864552 
reddit.dgl           0.04820200      0.02184190        2.206859 
products             0.05587760      0.03222510        1.733978 
youtube              0.00364152      0.00189167        1.925029 
amazon_cogdl         0.12392100      0.05157300        2.402827 
yelp                 0.00657911      0.00328035        2.005612 
wikikg2              0.00714580      0.00339222        2.106526 
am                   0.00373987      0.00173297        2.158070