arxiv                0.00073123      0.00153974        0.474906 
collab               0.00127071      0.00058885        2.157937 
citation             0.01644440      0.00902549        1.821995 
ddi                  0.00064093      0.00030094        2.129732 
protein              0.02462460      0.00841373        2.926716 
ppa                  0.01838480      0.01034210        1.777666 
reddit.dgl           0.04853630      0.02187530        2.218772 
products             0.05586230      0.03214570        1.737785 
youtube              0.00364314      0.00395164        0.921931 
amazon_cogdl         0.12532000      0.05503130        2.277249 
yelp                 0.00657834      0.00363841        1.808026 
wikikg2              0.00713934      0.00313435        2.277774 
am                   0.00374436      0.01756260        0.213201