arxiv                0.00077094      0.00171421        0.449733 
collab               0.00127115      0.00057959        2.193192 
citation             0.01645470      0.00968764        1.698525 
ddi                  0.00063983      0.00032898        1.944917 
protein              0.02460660      0.01162170        2.117298 
ppa                  0.01839700      0.00934779        1.968059 
reddit.dgl           0.04819390      0.01785220        2.699606 
products             0.05589250      0.03212970        1.739590 
youtube              0.00364215      0.00453111        0.803810 
amazon_cogdl         0.12390300      0.04361880        2.840587 
yelp                 0.00658271      0.00332235        1.981342 
wikikg2              0.00713749      0.00358583        1.990471 
am                   0.00373988      0.01886420        0.198253