arxiv                0.00077073      0.00185242        0.416067 
collab               0.00133385      0.00108649        1.227669 
citation             0.01645200      0.01363420        1.206671 
ddi                  0.00064048      0.00032969        1.942671 
protein              0.02460690      0.00975267        2.523094 
ppa                  0.01839980      0.00949827        1.937174 
reddit.dgl           0.04819820      0.01751660        2.751573 
products             0.05588160      0.03326040        1.680124 
youtube              0.00364236      0.00580351        0.627613 
amazon_cogdl         0.12387900      0.04469030        2.771944 
yelp                 0.00658205      0.00433358        1.518848 
wikikg2              0.00713774      0.00726636        0.982299 
am                   0.00373908      0.02000980        0.186862 