arxiv                0.00077101      0.00115191        0.669331 
collab               0.00133296      0.00099414        1.340819 
citation             0.01645330      0.01239390        1.327532 
ddi                  0.00064078      0.00027488        2.331136 
protein              0.02458130      0.00820469        2.996006 
ppa                  0.01839690      0.01040210        1.768576 
reddit.dgl           0.04819750      0.02076240        2.321384 
products             0.05589260      0.03315790        1.685650 
youtube              0.00364225      0.00386195        0.943112 
amazon_cogdl         0.12390100      0.05232510        2.367908 
yelp                 0.00658278      0.00417476        1.576804 
wikikg2              0.00714672      0.00718564        0.994584 
am                   0.00373985      0.01055950        0.354169