arxiv                0.00073038      0.00036568        1.997304 
collab               0.00127157      0.00055281        2.300206 
citation             0.01646070      0.00902081        1.824747 
ddi                  0.00064162      0.00023522        2.727733 
protein              0.02463380      0.00818649        3.009080 
ppa                  0.01837340      0.00934083        1.966999 
reddit.dgl           0.04822050      0.01753050        2.750663 
products             0.05586030      0.03201180        1.744991 
youtube              0.00364165      0.00189067        1.926116 
amazon_cogdl         0.12387500      0.04359530        2.841476 
yelp                 0.00657961      0.00328063        2.005593 
wikikg2              0.00714634      0.00180495        3.959301 
am                   0.00373714      0.00172612        2.165052