arxiv                0.00299181      0.00283167        1.056553 
collab               0.00520400      0.00440625        1.181050 
citation             0.07903260      0.06987680        1.131028 
ddi                  0.00154446      0.00168547        0.916338 
protein              0.08047140      0.06522630        1.233726 
ppa                  0.08491780      0.07617050        1.114838 
reddit.dgl           0.20211700      0.14303200        1.413089 
products             0.25847500      0.24751700        1.044272 
youtube              0.01443650      0.01543500        0.935309 
amazon_cogdl         0.51546600      0.36226600        1.422894 
yelp                 0.02998960      0.02699870        1.110779 
wikikg2              0.01676460      0.00550731        3.044063 
am                   0.01341150      0.01347920        0.994977 